2 692
2 698
2 676
2 698
2 692
2 686
2 696
2 690
2 690
2 677
3 540
3 540
3 539
3 532
3 532
3 529
3 534
3 533
3 547
3 542
4 426
4 420
4 428
4 423
4 429
4 427
4 428
4 428
4 427
4 427
5 341
5 351
5 348
5 344
5 344
5 344
5 344
5 343
5 344
5 343
6 283
6 283
6 284
6 275
6 286
6 283
6 291
6 283
6 285
7 237
7 238
7 237
7 237
7 237
7 237
7 242
7 236
7 238
7 245
8 207
8 207
8 209
8 207
8 208
8 207
8 208
8 207
8 207
8 209
9 178
9 183
9 179
9 183
9 178
9 182
9 178
9 182
9 182
9 182
10 160
10 159
10 160
10 159
10 159
10 159
10 160
10 159
10 160
10 159
11 141
11 142
11 142
11 141
11 142
11 143
11 140
11 142
11 142
11 136
12 119
12 121
12 119
12 120
12 119
12 120
12 118
12 120
12 120
12 120
13 104
13 104
13 103
13 102
13 107
13 104
13 104
13 104
13 104
13 104
14 89
14 88
14 88
14 88
14 92
14 87
14 88
14 88
14 88
14 88
15 78
15 79
15 78
15 76
15 78
15 74
15 78
15 79
15 79
15 79
2 690
2 685
2 672
2 717
2 689
2 724
2 696
2 696
2 690
2 696
3 547
3 544
3 536
3 551
3 535
3 565
3 531
3 530
3 551
3 544
4 440
4 433
4 448
4 433
4 426
4 419
4 434
4 440
4 440
4 426
5 358
5 358
5 380
5 355
5 358
5 369
5 365
5 358
5 358
5 365
6 298
6 321
6 305
6 303
6 305
6 313
6 305
6 302
6 311
6 305
7 259
7 266
7 258
7 259
7 263
7 257
7 267
7 259
7 253
7 258
8 214
8 227
8 213
8 222
8 221
8 220
8 220
8 221
8 220
8 216
9 183
9 191
9 191
9 191
9 180
9 198
9 191
9 183
9 198
9 183
10 160
10 162
10 160
10 167
10 160
10 168
10 159
10 162
10 160
10 168
11 142
11 150
11 142
11 150
11 151
11 142
11 150
11 142
11 142
11 142
12 127
12 118
12 134
12 122
12 127
12 127
12 120
12 134
12 127
12 119
13 111
13 110
13 118
13 105
13 103
13 111
13 111
13 111
13 111
13 110
14 95
14 103
14 95
14 95
14 101
14 95
14 103
14 95
14 95
14 93
15 87
15 87
15 87
15 87
15 95
15 89
15 87
15 81
15 94
15 85
2 751
2 742
2 758
2 733
2 713
2 746
2 732
2 772
2 740
2 767
3 586
3 561
3 574
3 565
3 550
3 584
3 566
3 580
3 557
3 584
4 453
4 452
4 432
4 454
4 445
4 462
4 439
4 438
4 454
4 440
5 370
5 358
5 360
5 365
5 365
5 367
5 369
5 357
5 358
5 365
6 305
6 305
6 298
6 305
6 303
6 304
6 298
6 301
6 305
6 312
7 255
7 260
7 260
7 252
7 259
7 267
7 260
7 252
7 256
7 252
8 220
8 213
8 213
8 216
8 206
8 219
8 206
8 213
8 213
8 220
9 189
9 183
9 188
9 183
9 190
9 177
9 190
9 184
9 190
9 184
10 160
10 155
10 160
10 160
10 158
10 160
10 167
10 160
10 160
10 162
11 145
11 137
11 145
11 145
11 137
11 145
11 137
11 145
11 144
11 137
12 127
12 125
12 125
12 118
12 125
12 128
12 125
12 117
12 130
12 125
13 109
13 102
13 109
13 115
13 102
13 109
13 109
13 102
13 109
13 109
14 94
14 102
14 89
14 94
14 101
14 94
14 94
14 94
14 102
14 93
15 86
15 86
15 78
15 81
15 86
15 86
15 78
15 86
15 86
15 83
2 717
2 711
2 720
2 720
2 710
2 719
2 713
2 734
2 699
2 698
3 543
3 550
3 568
3 540
3 554
3 562
3 547
3 537
3 557
3 543
4 430
4 429
4 445
4 435
4 427
4 431
4 456
4 420
4 436
4 445
5 357
5 365
5 343
5 358
5 372
5 350
5 355
5 373
5 343
5 365
6 289
6 301
6 284
6 290
6 300
6 289
6 282
6 297
6 282
6 297
7 236
7 250
7 234
7 250
7 234
7 250
7 227
7 249
7 241
7 250
8 211
8 197
8 204
8 211
8 195
8 211
8 204
8 211
8 203
8 196
9 173
9 164
9 172
9 173
9 163
9 173
9 179
9 173
9 164
9 173
10 158
10 143
10 150
10 157
10 150
10 142
10 157
10 157
10 150
10 157
11 123
11 127
11 134
11 133
11 126
11 134
11 127
11 133
11 134
11 133
12 102
12 115
12 103
12 116
12 113
12 104
12 110
12 117
12 103
12 117
13 94
13 100
13 95
13 94
13 101
13 96
13 94
13 95
13 93
13 101
14 78
14 86
14 78
14 85
14 78
14 85
14 86
14 79
14 78
14 82
15 71
15 71
15 64
15 72
15 76
15 71
15 68
15 71
15 71
15 71