C:\Users\ryuno\OneDrive\Desktop\drift-analysis>python drift_analysis.py
Encoder target = 100

======================================================================
FORWARD DRIFT TABLE
(drift = abs(encoder reading) - encoder target)
======================================================================
   Speed |   ENC1 Drift |   ENC2 Drift
----------------------------------------------------------------------
      42 |         -100 |         -100
      43 |           -1 |            3
      44 |           -3 |            2
      45 |            0 |            4
      46 |            0 |            4
      47 |            0 |            4
      48 |            1 |            5
      49 |           -1 |            5
      50 |            0 |            5
      51 |           -1 |            6
      52 |            2 |            6
      53 |            2 |            6
      54 |            3 |            5
      55 |            2 |            6
      56 |            3 |            7
      57 |            2 |            7
      60 |            4 |            8
      61 |            3 |            8
      62 |            4 |            9
      63 |            5 |            9
      64 |            6 |            9
      65 |            6 |            9
      66 |            4 |           10
      67 |            6 |           10
      68 |            5 |           10
      69 |            6 |           10
      70 |            6 |           11
      71 |            9 |           11
      72 |            7 |           12
      73 |            8 |           12
      74 |            9 |           13
      75 |           10 |           14
      76 |           10 |           13
      77 |           10 |           13
      78 |            9 |           14
      79 |           11 |           15
      80 |           11 |           14
      81 |           10 |           15
      82 |           11 |           15
      83 |           10 |           16
      84 |           13 |           15
      85 |           11 |           16
      86 |           12 |           15
      87 |           14 |           17
      88 |           13 |           17
      89 |           13 |           17
      90 |           12 |           16
      91 |           14 |           17
      92 |           13 |           18
      93 |           11 |           17
      94 |           14 |           17
      95 |           15 |           18
      96 |           15 |           19
      97 |           15 |           19
      98 |           15 |           20
      99 |           17 |           20
     100 |           17 |           20
     101 |           16 |           20
     102 |           18 |           20
     103 |           17 |           20
     104 |           15 |           21
     105 |           18 |           21
     106 |           18 |           21
     107 |           16 |           21
     108 |           18 |           22
     109 |           19 |           22
     110 |           19 |           23
     111 |           20 |           23
     112 |           20 |           23
     113 |           19 |           24
     114 |           21 |           25
     115 |           22 |           24
     116 |           20 |           24
     117 |           20 |           24
     118 |           21 |           24
     119 |           22 |           25
     120 |           21 |           25
     121 |           21 |           25
     122 |           22 |           26
     123 |           20 |           25
     124 |           22 |           26
     125 |           23 |           27
     126 |           24 |           27
     127 |           23 |           28
     128 |           23 |           27
     129 |           23 |           28
     130 |           24 |           27
     131 |           22 |           26
     132 |           24 |           28
     133 |           25 |           29
     134 |           25 |           29
     135 |           27 |           30
     136 |           26 |           29
     137 |           26 |           29
     138 |           27 |           31
     139 |           26 |           30
     140 |           27 |           31
     141 |           25 |           30
     142 |           27 |           32
     143 |           28 |           31
     144 |           28 |           31
     145 |           26 |           31
     146 |           28 |           31
     147 |           29 |           32
     148 |           30 |           32
     149 |           31 |           33
     150 |           31 |           33
     151 |           31 |           34
     152 |           31 |           34
     153 |           31 |           35
     154 |           31 |           34
     155 |           30 |           34
     156 |           28 |           33
     157 |           32 |           34
     158 |           31 |           35
     159 |           34 |           35
     160 |           34 |           36
     161 |           33 |           35
     162 |           33 |           35
     163 |           32 |           36
     164 |           32 |           35
     165 |           34 |           35
     166 |           34 |           36
     167 |           31 |           37
     168 |           35 |           37
     169 |           36 |           37
     170 |           34 |           38
     171 |           35 |           39
     172 |           37 |           38
     173 |           36 |           39
     174 |           35 |           39
     175 |           34 |           38
     176 |           36 |           39
     177 |           36 |           37
     178 |           35 |           39
     179 |           36 |           39
     180 |           40 |           40
     181 |           37 |           40
     182 |           36 |           40
     183 |           39 |           40
     184 |           40 |           41
     185 |           38 |           40
     186 |           37 |           41
     187 |           37 |           41
     188 |           39 |           41
     189 |           42 |           41
     190 |           39 |           42
     191 |           39 |           42
     192 |           39 |           42
     193 |           43 |           42
     194 |           40 |           42
     195 |           38 |           42
     196 |           40 |           43
     197 |           41 |           42
     198 |           43 |           44
     199 |           43 |           43
     200 |           43 |           44
     201 |           39 |           43
     202 |           43 |           44
     203 |           44 |           44
     204 |           42 |           43
     205 |           44 |           44
     206 |           43 |           44
     207 |           43 |           43
     208 |           42 |           44
     209 |           43 |           45
     210 |           44 |           45
     211 |           47 |           45
     212 |           45 |           45
     213 |           43 |           43
     214 |           43 |           44
     215 |           44 |           45
     216 |           48 |           47
     217 |           46 |           46
     218 |           47 |           46
     219 |           46 |           46
     220 |           48 |           46
     221 |           45 |           44
     222 |           46 |           46
     223 |           47 |           46
     224 |           48 |           47
     225 |           46 |           43
     226 |           48 |           45
     227 |           49 |           47
     228 |           49 |           49
     229 |           48 |           47
     230 |           47 |           45
     231 |           48 |           44
     232 |           49 |           46
     233 |           49 |           46
     234 |           50 |           45
     235 |           50 |           46
     236 |           48 |           48
     237 |           50 |           47
     238 |           50 |           47
     239 |           50 |           46
     240 |           50 |           47
     241 |           50 |           46
     242 |           51 |           47
     243 |           50 |           45
     244 |           51 |           47
     245 |           50 |           45
     246 |           50 |           47
     247 |           50 |           45
     248 |           49 |           47
     249 |           50 |           46
     250 |           49 |           46
     251 |           50 |           44
     252 |           50 |           43
     253 |           50 |           46
     254 |           50 |           46
     255 |           50 |           43

======================================================================
BACKWARD DRIFT TABLE
(drift = abs(encoder reading) - encoder target)
======================================================================
   Speed |   ENC1 Drift |   ENC2 Drift
----------------------------------------------------------------------
      42 |            0 |            4
      43 |           -1 |            4
      44 |           -1 |            4
      45 |           -2 |            4
      46 |           -1 |            4
      47 |           -1 |            4
      48 |            0 |            5
      49 |            1 |            5
      50 |            1 |            6
      51 |            2 |            6
      52 |            1 |            6
      53 |            2 |            7
      54 |            2 |            7
      55 |            1 |            8
      56 |            2 |            8
      57 |            2 |            8
      58 |            4 |            8
      59 |            3 |            8
      60 |            4 |            9
      61 |            4 |            8
      62 |            5 |            9
      63 |            4 |            9
      64 |            4 |           10
      65 |            6 |           11
      66 |            5 |           11
      67 |            5 |           10
      68 |            7 |           12
      69 |            8 |           12
      70 |            7 |           12
      71 |            8 |           12
      72 |            9 |           13
      73 |            7 |           12
      74 |            7 |           13
      75 |            8 |           13
      76 |            7 |           14
      77 |            8 |           14
      78 |            9 |           14
      79 |           10 |           15
      80 |           11 |           15
      81 |           10 |           16
      82 |           11 |           16
      83 |           11 |           16
      84 |           12 |           16
      85 |           11 |           17
      86 |            9 |           17
      87 |           11 |           16
      88 |           13 |           17
      89 |           13 |           18
      90 |           14 |           18
      91 |           13 |           18
      92 |           13 |           18
      93 |           14 |           19
      94 |           14 |           19
      95 |           15 |           20
      96 |           15 |           20
      97 |           14 |           20
      98 |           15 |           20
      99 |           14 |           21
     100 |           16 |           21
     101 |           16 |           21
     102 |           17 |           22
     103 |           16 |           22
     104 |           16 |           22
     105 |           17 |           22
     106 |           18 |           23
     107 |           19 |           23
     108 |           18 |           23
     109 |           14 |           24
     110 |           19 |           24
     111 |           12 |           24
     112 |           17 |           24
     113 |           16 |           24
     114 |           19 |           24
     115 |           17 |           26
     116 |           20 |           25
     117 |           20 |           25
     118 |           21 |           25
     119 |           22 |           27
     120 |           19 |           26
     121 |           21 |           28
     122 |           23 |           27
     123 |           21 |           28
     124 |           23 |           27
     125 |           21 |           29
     126 |           22 |           28
     127 |           22 |           27
     128 |           25 |           28
     129 |           21 |           28
     130 |           26 |           29
     131 |           23 |           30
     132 |           23 |           29
     133 |           24 |           29
     134 |           24 |           30
     135 |           25 |           29
     136 |           25 |           31
     137 |           26 |           30
     138 |           26 |           31
     139 |           24 |           29
     140 |           28 |           32
     141 |           22 |           30
     142 |           28 |           32
     143 |           28 |           33
     144 |           27 |           32
     145 |           28 |           34
     146 |           28 |           33
     147 |           29 |           34
     148 |           30 |           33
     149 |           27 |           35
     150 |           26 |           33
     151 |           27 |           34
     152 |           30 |           35
     153 |           31 |           36
     154 |           26 |           34
     155 |           29 |           37
     156 |           29 |           34
     157 |           32 |           36
     158 |           33 |           36
     159 |           32 |           36
     160 |           33 |           36
     161 |           32 |           37
     162 |           34 |           35
     163 |           27 |           38
     164 |           32 |           37
     165 |           28 |           34
     166 |           30 |           36
     167 |           30 |           39
     168 |           33 |           38
     169 |           33 |           38
     170 |           30 |           38
     171 |           33 |           39
     172 |           30 |           38
     173 |           35 |           39
     174 |           31 |           39
     175 |           35 |           40
     176 |           31 |           38
     177 |           35 |           39
     178 |           31 |           39
     179 |           36 |           40
     180 |           28 |           37
     181 |           33 |           39
     182 |           34 |           40
     183 |           34 |           41
     184 |           31 |           39
     185 |           34 |           41
     186 |           31 |           40
     187 |           35 |           42
     188 |           36 |           40
     189 |           36 |           41
     190 |           38 |           40
     191 |           35 |           42
     192 |           26 |           38
     193 |           36 |           41
     194 |           35 |           41
     195 |           38 |           43
     196 |           39 |           41
     197 |           35 |           41
     198 |           37 |           41
     199 |           38 |           44
     200 |           29 |           41
     201 |           40 |           44
     202 |           39 |           41
     203 |           34 |           42
     204 |           40 |           42
     205 |           40 |           43
     206 |           32 |           41
     207 |           40 |           43
     208 |           35 |           40
     209 |           37 |           43
     210 |           36 |           43
     211 |           40 |           44
     212 |           38 |           42
     213 |           39 |           43
     214 |           38 |           42
     215 |           38 |           44
     216 |           41 |           43
     217 |           38 |           42
     218 |           37 |           41
     219 |           39 |           45
     220 |           39 |           42
     221 |           40 |           44
     222 |           37 |           43
     223 |           35 |           42
     224 |           33 |           40
     225 |           42 |           44
     226 |           38 |           40
     227 |           36 |           43
     228 |           38 |           41
     229 |           34 |           40
     230 |           38 |           43
     231 |           40 |           44
     232 |           35 |           36
     233 |           35 |           41
     234 |           40 |           44
     235 |           40 |           43
     236 |           34 |           41
     237 |           40 |           44
     238 |           38 |           41
     239 |           38 |           42
     240 |           37 |           41
     241 |           40 |           42
     242 |           31 |           38
     243 |           39 |           43
     244 |           39 |           41
     245 |           36 |           42
     246 |           37 |           39
     247 |           37 |           41
     248 |           38 |           41
     249 |           39 |           44
     250 |           36 |           41
     251 |           37 |           44
     252 |           36 |           39
     253 |           37 |           41
     254 |           36 |           42
     255 |           38 |           42

ENC1 Forward
Model : linear
Fit   : y = 0.255147x + -9.956206
R²    : 0.9871003891768904

ENC2 Forward
Model : linear
Fit   : y = 0.217311x + -2.233967
R²    : 0.959281037241484

ENC1 Backward
Model : linear
Fit   : y = 0.195383x + -4.691873
R²    : 0.9127364407138654

ENC2 Backward
Model : linear
Fit   : y = 0.192446x + 1.029303
R²    : 0.9075488751236774